111

vxor 111 11111111 11111111 q 111 1111111111 1 1111111 111111 1111111
1111111111 111 1111111 111 cathena 11- j 111 (19 11119 1111111111 1 111111
a 111 111 ob 1111111 11111 1 11111191111111111111111 11111
1111111111 1111 11119 119 1111111111 [1111 danos (1111111111 11111191 1
1111 11111111 11 1 111111111111111111111111 1111111
Ι ¹ 111111 1111111 1 11111111 11111111111111111111111111111111

11111111 1 1111111111 111 1111111111 1911111 1111111 11111 vt 111111

1 11111111 111, 1111111 1 1111111111 (11111111 1111111111 111119 1 119

11111111 sqq} 1111111111 11 11111 1111111119 111101111111111111 11111111 -
1111911111111119 1111 11111 (1111119 1111111 1 11111111 ipm

11111 1111119 11111111 1111111111 1111111, Oui 1 tuccessit 1 reg 11119 119
1111119 q 1 11101111111111111 (111 111, 11111111 1111911111

1111111, danie 1111 1111111111- 1 11111119 1 Eius 11119 11111111 ud 1111111
1111111 1111111111 111-1111111111111111 1111119 11111111, 11 g
1111111 11 god· 1 11111 1 domo (1111 1111111 111 1111 11111111
vinds 119 11119 1 111111111111191111191111111111111111191

1111111111 11 baltici 11111 111) 11111111 1111111 1111, 1111 g

Ι braetomdd 1 11111111191111911111111111111111111111111111111

11111112 1 1111111119,Ρ1111111ι1111911911111111111111111111111. q 1
,111 modum 1111,111111111111111111111111111111111111 1111111111
[qim 11 11-111111111111101111111 111119 1 igne 1111111 Eius 11119
s 11111111111111111111111111 1 111111111111111319111111191111,
¹ 111111 1111101119111111111111 1111111 11111111 (1 111 11111111111111
11111-111111111111111111 regn} (11111111 11 111111111111 1111111-
“ 1111 1111111111 reddidit 11111 101111 11111 1111111111111111 11111111

11111111111111111111111 - ‘ 11 ·
’ 1111111111111111 11111111 1111111111 111111 1111111111 1111111
111 11 1111111111 111 1111111 11 1111 1 1111 1111 111111 1111111111

 

